0
112
144
336
384
448
464
352
352
144
112
-144
-192
-400
-448
-512
-544
-448
-464
-224
-208
64
96
320
352
432
448
352
352
144
112
-144
-192
-400
-448
-512
-544
-448
-464
-224
-208
64
96
320
352
432
448
352
352
144
112
-144
-192
-400
-448
-512
-544
-448
-464
-224
-208
64
96
320
352
432
448
352
352
144
112
-144
-192
-400
-448
-512
-544
-448
-464
-224
-208
64
96
320
352
432
448
352
352
144
112
-144
-192
-400
-448
-512
-544
-448
-464
-224
-208
64
96
320
352
432
448
352
352
144
112
-144
-192
-400
-448
-512
-544
-448
-464
-224
-208
64
96
320
352
432
448
352
352
144
112
-144
-192
-400
-448
-512
-544
-448
-464
-224
-208
64
96
320
352
432
448
352
352
144
112
-144
-192
-400
-448
-512
-544
-448
-464
-224
-208
64
96
320
352
432
448
352
352
144
112
-144
-192
-400
-448
-512
-544
-448
-464
-224
-208
64
96
320
352
432
448
352
352
144
112
-144
-192
-400
-448
-512
-544
-448
-464
-224
-208
