0
265
307
745
814
989
1017
857
831
397
328
-215
-301
-745
-815
-991
-1019
-859
-833
-399
-330
213
299
743
813
989
1017
857
831
397
328
-215
-301
-745
-815
-991
-1019
-859
-833
-399
-330
213
299
743
813
989
1017
857
831
397
329
-214
-301
-745
-815
-991
-1019
-859
-833
-399
-330
213
299
743
813
989
1017
857
831
397
328
-215
-301
-745
-815
-991
-1019
-859
-833
-399
-330
213
299
743
813
989
1017
857
831
397
328
-215
-300
-744
-815
-991
-1019
-859
-834
-400
-331
212
299
743
813
989
1017
857
831
397
328
-215
-301
-745
-815
-991
-1019
-859
-834
-400
-330
213
298
742
813
989
1017
857
832
398
328
-215
-300
-744
-815
-991
-1019
-859
-834
-400
-330
213
299
743
813
989
1017
857
831
397
329
-214
-301
-745
-815
-991
-1019
-859
-833
-399
-330
213
298
742
813
989
1017
857
832
398
328
-215
-301
-745
-815
-991
-1019
-859
-833
-399
-330
213
299
743
813
989
1017
857
832
398
329
-214
-301
-745
-815
-991
-1019
-859
-833
-399
-331
