0
112
112
320
352
448
464
384
368
160
128
-144
-192
-400
-432
-512
-512
-432
-416
-208
-176
80
112
320
352
448
464
384
368
160
128
-144
-192
-400
-432
-512
-512
-432
-416
-208
-176
80
112
320
352
448
480
400
368
160
144
-128
-192
-400
-432
-512
-512
-432
-416
-208
-176
80
112
320
352
448
480
400
368
160
128
-144
-192
-400
-432
-512
-512
-432
-416
-208
-176
80
112
320
352
448
464
384
368
160
128
-144
-176
-384
-416
-496
-512
-432
-432
-224
-192
64
112
320
352
432
448
384
368
160
128
-144
-192
-400
-432
-512
-512
-432
-432
-224
-176
80
112
320
352
448
480
400
384
176
128
-144
-176
-384
-416
-496
-512
-432
-432
-224
-176
80
112
320
352
448
464
384
368
160
144
-128
-192
-400
-432
-512
-512
-432
-416
-208
-176
80
112
320
352
448
480
400
384
176
128
-144
-192
-400
-416
-496
-512
-432
-416
-208
-176
80
112
320
352
432
448
384
384
176
144
-128
-192
-400
-416
-496
-512
-432
-416
-208
-192
